17944865182
96156851607
41981673466
76396583062
65344872500
55879997006
54512591869
65902858100
53038791350
78669761807
9824109722
66048859414
22782034014
13023336075
32609825072
44382878047
24588514520
85061065166
78195772587
87739849731
48481469505
95432993074
77018816548
29036918359
37383009029
49689013807
51071656996
85364093204
36649797707
48144575709
98928550009
19177466365
82596978660
38145875102
50204495806
78132062159
41730765688
65189984907
63101055318
70866479503
35387710811
32844865690
23903202525
1460332563
72852730820
82134545615
72531683305
69556961658
16381410370
5151867407
11551190451
9171246266
72614558141
49594169206
78456278793
27104012907
57343195468
81972062360
75599097366
99210033132
23475874989
3577594438
54265563180
13210922020
16604545490
61905111711
42812576324
92072752604
56669984120
46166409630
34691868470
47899880157
27586050155
84701588482
337162859
66606730406
2813616060
46918172980
97755109615
74556019800
36184859307
11752242270
80821368710
4137906572
27042768205
3541045000
95994035769
91745928740
71887763503
16971820118
10590834690
34355069974
89856561981
364022302
50147528534
17056766420
4125579911
61750617307
78137371729
44035190160
34176003081
50888073763
50305768514
30619841788
37914773158
49713633512
77575856781
35070217305
47756070143
44825929605
46475655058
94799109855
65253357602
1505260400
62073176372
12526630720
74069007245
21069537128
74375488441
40896730700
83578237850
28894318788
93016658674
48540221675
59527615267
45856921003
31179140648
12249477469
75979771239
31862909296
52893501524
69242133248
56414724173
47189463445
19527443857
98353064944
60208744193
22827034808
54114445943
90117075590
80610418122
61233139240
70266544703
75256515900
43234246807
47874619072
1107028914
78043110280
75508675698
63796896723
35253614168
4106123835
12533301663
31214732712
26684069003
84486327101
18464705360
99986488826
12160498238
2869475101
76130943083
27751018879
6664977966
35647508359
2115286090
53240639165
90967849284
6928409150
42058213955
57671757993
8313282312
30584781946
84099457702
88562225401
13644783667
44498028104
9359810398
24485733955
31768474753
59345291539
16477257718
64850111610
9882215602
4605075593
45163684043
73201178195
97982809898
9203289038
5689558974
57336428827
44377956019
82398876004
71149925485
89461299800
6789289321
40202798887
88962222817
13577432381
30578209055
95933769096
14629460705
21492033677
9120278357
79527015170
24994732159
68756973195
22062381522
56508312545
66254650975
73828624618
86162668797
67371410564
40044485816
57200396435
79842989470
76649525308
13522647491
71503508013
33780358891
85236736790
50965335305
68990456720
5371317791
91583653465
7711603304
66802717115
97385147461
15075285902
82808276176
67199625669
8385383808
58672230
4505940250
84486352211
30667009337
97389575670
40467771090
28784525185
16408717489
52118881380
45117954440
10839879849
62242487299
91353624803
80681132825
23369323770
60677529309
36175904117
77647729926
41337203262
34985166049
38318182235
94383195490
79613964894
62579503927
39262407505
89325398478
55674876908
210753447
17617791763
51526190753
39670898196
49200822584
27262600125
51263496784
17550239363
15770874104
99157840075
57782540089
95521381163
97517841742
66251188693
66143203946
95231129100
60443191131
18436107365
80803298854
70910735760
28104777602
34685876601
92023488710
41436854776
73810133043
48734417494
88950176505
21251479804
40124102964
83904891200
58884575583
8202483719
53874424936
81122299702
20283719192
9170153710
31730492258
28884379105
61263845045
91113556706
65987237955
2300044749
74961981109
95951143837
32251977180
70671540068
19583737291
11196368686
40285944134
34547790140
42888944502
43797831030
34574522453
1327551578
59754470464
77351013411
73703338172
8700706221
43636417894
38849321520
24496039990
27944041996
79612460450
34506422007
1958419486
92316964672
68821215326
90811946584
96457965202
26815204448
91619769034
48706047106
15001474000
79528083706
38872361060
21797738895
11321703708
96580240849
79992920793
48432956805
61160238600
56917414387
89110554769
93623726494
10836849817
15313375202
86210755801
95116553108
48356854075
85647016693
64834482367
46961646247
40055998933
17726008490
74350945873
88297198898
31715103246
2642821161
27155530050
72535894246
94488997856
17026274708
39394724095
18777260791
57101270514
9512146673
89359117803
90120227037
64897880475
4007005494
73548419607
13501025980
37496393371
71177072165
10201849305
86526324487
53193113387
57987968250
86444981506
64462066669
46443088972
98068063013
67330208159
44365059106
14887645309
18931296835
45017957944
29428109630
3206183405
64475432162
99418058731
86641516520
66503500289
13730277979
25032470163
47485801945
57368691280
14921527067
1769032835
80307218546
3953889885
78169737990
857792105
73193217263
54502740500
49884878226
29524251167
51253799300
78608789680
48799664011
99214244243
8931984200
25635582206
31980852766
86313814207
41394105665
46171895806
36086482241
61783966785
68828417560
28358236468
79243476661
76001371512
91379132398
98213395220
5666260715
97078034953
25975090440
30755274911
87077950760
87803141803
32196995967
56166462107
60222630698
69398995026
12593371463
8357224148
28338871320
41085341828
70043326404
57706856119
45964492363
8496093727
17052147971
28270344842
8405260323
96514756417
5564637909
70744230683
15268739743
44483574221
66539998406
38058763357
29486907650
16645671431
49887885398
72687961612
22314661800
6682183208
46991346373
29171416897
71485750601
89189156676
71428150005
15620491781
40320225852
46137648745
6535077047
27012682574
91977617530
89808081940
25951376033
47847243113
3149001609
34677148112
98300933360
94589973219
1691840998
54578708470
95468986949
6426426563
93395412431
57032946062
78664629927
30712073795
84159817912
22640971832
61988046319
93890210651
40994781652
36475873209
69104184688
28078122950
59521339403
87112710197
22899710656
50695456555
44974515187
7405265022
30959294716
32865986748
95074341787
73265557707
91807908283
87298219910
44933403554
17186283071
9265335416
68553356914
43406514600
40837168430
71313860654
26690443957
73419672004
7370802566
74269367750
78501277495
64291629311
54436508900
71726986497
38065935907
45536953834
63194778579
95788910919
65952159001
36556330760
39585520214
3440316670
85239562636
15118222281
1456273655
66622873429
80285112015
93525607016
64162709513
85235300963
29264075801
60449376907
78246695649
11493348353
99769952109
59483641357
84198356688
50632869410
27640335833
49496182372
67034736928
73669456503
85343287905
3296451889
75793776320
47067417503
77776457736
2804109305
51851378197
15009810441
42920592505
79248087523
46858452265
28263576466
46198963497
97233203806
5873838364
27393361523
79342437079
80737152281
74781150551
70624285235
47254000335
72637066792
64194938542
9241555238
74738574280
19015819777
95477168242
69098048560
95204600639
42205603
55841668714
56008493389
38035963279
61431228656
36199965205
77082762259
80712659420
64921715432
97217412137
80963526367
88893587777
93265990001
33422104194
37585942354
25466335541
75071733480
90840263309
77035765816
23906489086
81412737362
51597222895
24345533970
96835765160
63324132800
33027735365
48951737047
56531978589
6903574433
53696884600
92943208205
52530503966
85329307198
82357147369
41012569853
24839313911
4059248363
97603404029
72511065231
5622960347
32014625514
1355090504
4338113901
62298309221
72558595008
83644808554
47794167795
64578533662
23153117993
83363360797
67173246601
29865122596
72492323714
33718301440
67418287100
95500022415
95724364735
129774626
65603167343
47808669954
98258102036
79859656886
11692316672
45073504682
24081120870
24901086200
75513128705
51376993651
62458728634
48653537716
3554307033
5889675133
97466212204
94228815790
77428475406
25180857694
49724689476
74791233530
80100900852
23057404685
5180765552
84661040465
37713196846
9224027105
12162361515
85338062801
98956015309
20065830504
66672446842
21085100952
59450690510
88110714374
57305233277
1976205824
78511257403
37117266821
75301391690
26032568903
80971229872
93054844927
9856214602
99537353958
82299550267
23462808958
7024813946
46430967212
63521366219
35332849729
53707297861
8786753029
45714598237
20179200100
62722322684
5684147640
77535209467
34519032881
90311360939
65218770701
72354811373
91824817177
10659625504
24718488931
73707631370
34712932724
36240662852
59244286807
62697942262
26586493803
76412246959
15980802371
31729142168
83572073081
80835210197
17161163846
71887104658
36887667177
15971383558
56780064289
52421052327
65148220619
98579435196
15053639426
49088102309
60037445294
92584896591
59366038301
57299274108
31468346938
62949449450
69732144521
25738198840
30067461123
77801351959
27246448403
91388464381
6079773708
53140387490
56437349310
55557030310
7926192260
18173249180
97942700240
50617863350
52208430107
49947097773
24563058335
42204275204
49216219343
97791559293
22822310238
66720866419
30980176948
7719201302
88979028555
78271491202
3581203499
13893694390
64736124407
71035798816
1610959507
84861403405
30082995710
95005049797
89862577851
64532481589
42022259459
8114669497
37406127464
5813114343
46998745419
22326515684
22043654241
25438679967
4304737619
40121193110
12317387741
9788394809
18603525455
86309132741
32182116036
2741625719
73118207159
59102605104
91564642828
46823229667
9519768505
37533550897
7565640344
18809907337
11652367292
48717940672
40283829478
5053979600
51689947764
29202030960
93548110274
50275076741
74945993203
85425122438
18008037105
70610922386
5753134041
13021068995
44986234951
51910727156
89957418645
99873269517
80015210871
13978672480
7277476905
30976495066
87669294230
23140390505
82767048085
13863437578
90455121907
24521190162
28915292944
83611627712
91778210686
58083361801
86037690014
2999702990
31057179787
11196381518
98821175200
49925906164
80112746438
61420778315
81381166920
55337909266
41681892367
45724985802
33746778786
85647417760
95077573506
47273812307
94358610595
2977290044
75600874189
68042303297
12746329271
94745891431
70323508600
70333046412
50187806900
57380570749
19240343520
67279995462
9966251510
44767243297
85618823101
61026352487
97417290574
45807518845
44512051660
13935201206
78733308349
11857740688
38387482986
25928023049
46495962894
93248744898
67503904399
30365448958
23520752620
54048081870
1547006900
2059508843
948780304
252275055
41853797570
67615831873
99723129175
47501650853
9393248303
2881870759
2283745616
25217135387
84866253193
86724835291
12804603423
91991408536
84066333281
15502929
48948872583
33120155020
35760523996
25737095746
78720592400
66635502254
56878309018
63031737300
66529237267
67199715579
63393175025
23607440115
67357828875
14785136677
77070691106
17817568219
82278416278
97742000040
8329868281
27437845989
62066364452
31296070301
19202109117
20903485699
9131189822
13210342296
44604152241
71452557667
14667024275
99807988748
64454244812
10772374210
80981924239
75266982802
57571141770
64877876553
39179783503
93942518716
86903252983
17932940974
95566251862
15725312313
36925137397
97417917127
89867380827
2910140890
23917657201
52937043380
8923083461
68971720140
66773074339
53583867343
4190403237
18656861409
72720082708
23832919198
89176549321
95137293628
71418881449
95317476526
168562448
97979687230
30564276308
66472671583
67614717104
34873460956
40716901862
58510103127
671927698
56257546834
45413715960
12589500653
73501309023
71109913850
6760506030
9373136887
39175490692
99010618579
38836965288
80393572099
48379017943
59691296233
36209996272
41718738358
93779473089
45974948718
78051319370
22747108139
23835423266
64936306223
85583943858
19655816680
82758813076
84406101225
82560578239
58995340100
73754275429
5587568598
26591055371
52361984539
1062308751
67992370309
96559429610
77033937113
54617269339
96574400503
60588008389
73877944213
85804571656
56579988398
47848979687
51029396108
46184706233
55893512510
44004161193
17437605660
38266305641
92360040910
12205404202
57855898778
